5620
14792
16864
16865
16866
16867
16868
16869
16870
16871
17602
18661
18662
18663
13635
13636
13637
13638
13639
13640
13641
13642
13643
13644
13645
13646
13647
13648
13649
13650
13651
13652
13653
13654
13655
13656
13657
13658
13659
13660
13661
13662
13663
13664
13665
13666
11624
11625
11626
11627
11628
11629
11630
11631
11632
11633
16889
16890
16891
16892
16893
16894
16895
16896
16897
16898
8171
8172
8173
8174
8175
8176
8177
8178
8179
8180
9098
9099
9100
9101
9102
9103
9104
9105
9106
9107
4860
4861
4862
4863
4864
4865
4866
4867
4868
4869
13682
13683
13684
13685
13686
13687
13688
4870
4871
4872
4873
4874
4875
4876
4877
4878
4879
68
69
70
71
72
503
504
505
506
507
6765
6766
6767
6768
8058
8059
8060
8061
8062
11773
11774
11775
11776
11777
11778
11779
18085
18086
18087
4880
4881
4882
4883
4884
8063
8064
8065
16912
16913
16914
16915
16916
16917
16918
16919
16920
16921
511
512
513
514
515
516
517
518
519
520
7611
7612
7613
7614
7615
7616
7617
7618
7619
7620
6637
6638
6639
6640
6641
6642
6643
6644
6645
6646
527
528
529
16928
16929
16930
16931
16932
530
531
532
18101
18102
18103
18104
18105
18106
18107
18108
18109
18110
9035
9036
9037
9038
9039
9040
9042
9043
9044
73
74
75
76
77
78
79
80
81
82
8212
8213
8214
5463
5464
5465
5466
5467
5468
5469
6233
6234
6235
6236
6237
6238
6239
6240
6241
6242
8767
8768
8769
5329
5330
5331
5332
5333
5334
5335
5336
5337
5338
6789
6790
6791
6792
6793
6794
6795
6796
6797
6798
6582
6583
6584
6585
13711
13712
13713
9045
9046
9047
9048
9049
9050
9051
5239
5240
5241
5242
5243
5244
5245
5246
5247
5248
14107
14108
14109
5527
5528
5529
5530
5531
5532
5533
5534
16459
16460
16461
16462
16463
16464
16465
16466
16467
16468
18588
18589
18590
18591
18592
18593
18594
9150
9151
9152
9153
9154
9155
9156
9157
9158
9159
197
198
199
8390
8391
8392
10356
10357
10358
10359
10360
12360
12361
12362
12363
12364
12365
17604
17605
17606
17607
17608
17609
17610
17611
17612
17613
17723
17724
17725
17726
17727
17728
17729
17730
17731
16685
16686
16687
16688
16689
16690
16691
16692
16693
16694
5538
5539
5540
5541
5542
5543
5544
5545
5546
5547
13766
13767
13768
13769
13770
13771
13772
13773
13774
13775
13776
13777
13778
13779
13780
13781
13782
13783
13784
13785
16980
16981
16982
16983
16984
2618
2619
2620
2621
2622
2623
2625
2626
2627
17386
17387
17388
17389
17390
17391
17392
17393
17394
17395
7681
7682
7683
7684
7685
7686
7687
7688
7689
7690
8906
8907
8908
8909
8910
8911
8912
8913
8914
8915
16473
16474
16475
16476
16477
16478
16479
16480
16481
16482
4930
4931
4932
4933
4934
4935
4936
10019
10020
10021
10022
13789
13790
13791
13792
13794
13795
13796
13797
13798
16996
16997
16998
16999
17000
17001
17002
17003
17004
17005
6216
6217
6218
14899
14900
14901
14902
14903
17016
17017
17018
17019
17020
17021
17022
17023
17024
17025
17073
17074
17075
17076
17077
17078
17079
17080
17081
17082
13817
13818
13819
13820
13821
13822
13823
13824
13825
13826
2631
2632
2633
2634
2635
2636
2637
2638
2639
2640
9195
9196
9197
14918
14919
14920
5272
5273
5274
5275
5276
5277
5278
5279
5280
5281
8289
8290
8291
8292
8293
8294
8295
8296
8297
8298
91
92
93
94
95
4969
4970
4971
4972
4973
4974
4975
4976
8791
8792
8793
8794
8795
8796
8797
8798
3553
3554
3555
3556
3557
3558
3559
3560
3561
3562
11492
11493
11494
11495
11496
11497
16109
16110
16111
16112
16113
16114
16115
16116
16117
16118
17042
17044
17045
17047
17048
17049
17050
17051
15062
15063
15064
15065
15066
15067
15068
15069
15070
15071
6296
6297
6298
6299
6300
6301
6302
6303
6304
6305
8847
8848
8849
9519
9520
9521
9522
9523
9524
9525
9526
9527
175
176
177
178
179
180
181
182
183
184
4984
4985
4986
4987
9221
9222
9223
9224
9225
9226
9227
9228
9229
9230
273
274
275
276
277
278
279
280
281
282
8341
8342
8343
8344
8345
8346
8347
8348
8349
8350
2661
2662
2663
2664
2665
2666
2667
2668
2669
2670
3948
3949
3950
3951
3952
3953
3954
3955
3956
3957
4279
4280
4281
4282
4283
4284
4285
4286
4287
4288
6315
6316
6317
6318
6319
6320
6321
6322
6323
6324
11498
11499
11500
11501
11502
11503
11504
11505
11507
16119
16120
16121
16122
16123
16124
16125
16126
16127
16128
983
984
985
986
987
988
989
990
991
992
3977
3978
3979
3980
3981
3982
3983
3984
3985
3986
4988
4989
4990
17699
17700
17701
17702
17703
17704
8365
8366
8367
8368
8369
8370
8371
8372
8373
8374
18384
18385
18386
18387
18388
18389
18390
18391
18392
18393
8380
8381
8382
9264
9265
9266
9267
9268
9269
16499
16500
16501
16502
16503
16504
16505
16506
16507
16508
9008
9009
9010
9012
9013
9590
9591
9592
9593
9594
9595
17713
17714
17715
17716
17717
17718
17719
17720
17721
17722
15193
15194
15195
15196
15197
15198
15199
15200
15201
15202
9014
9015
9016
5180
5181
5182
5183
5184
5185
5186
5187
5188
5189
17144
17145
17146
17147
17148
17149
17150
17151
17152
17153
119
120
121
122
123
124
125
126
127
128
6387
6388
6389
6390
6391
6392
6393
6394
6395
6396
15299
15300
15301
15302
15303
15304
15305
15306
5288
5289
5290
5291
5292
5293
5294
5295
5296
5297
8429
8430
8431
8432
8433
8434
8435
8436
8437
10430
10431
10432
10433
10434
10436
10437
10438
10439
16755
16756
16757
16758
16759
16760
4058
4059
4060
4061
4062
4063
4064
4065
4066
4067
5771
5772
5773
9316
9317
9318
9319
9320
9321
9322
9323
204
205
206
207
208
209
210
211
212
5008
5009
5010
8438
8439
8440
8441
8442
8443
8444
8445
8446
6526
6527
6528
6529
6530
6531
8936
8937
8938
8939
8940
8941
8942
8943
8944
8945
17192
17193
17194
17195
17196
17197
6403
6404
6405
16777
16778
16779
16780
16781
16782
16783
16784
16785
16786
1197
1198
1199
6415
6416
6417
6418
6419
6420
6666
6667
6668
6669
6670
6671
6672
6673
6674
6675
6676
6677
6678
6679
1244
1245
1246
1247
1248
1249
1250
1251
12573
12574
12575
12576
12577
13942
13943
13944
13945
13946
13947
15385
15386
15387
15388
15389
15390
15391
15392
15393
15394
8455
8456
8457
8458
8459
8460
17201
17202
17203
11634
11635
11636
11637
11638
11639
11640
11641
11642
11681
11682
11683
11684
11685
11686
11687
11688
11689
11690
6532
6533
6534
6535
6536
6537
6538
7048
7049
7050
7051
7052
7053
7054
7055
14349
14350
14351
14352
14353
14354
17474
17475
17476
6598
6599
6600
6601
6602
6603
6604
6605
6606
6607
7069
7070
7071
9345
9346
9347
9348
9349
9350
9351
16533
16534
16535
16536
16537
17770
17771
17773
1266
1267
1269
1270
5812
5813
5814
5815
9542
9543
9544
9545
9546
9547
9548
9549
9550
9551
9620
9621
9622
213
214
215
217
218
219
220
221
222
1319
1320
1321
1322
1323
1324
1325
1326
1327
1328
2748
2749
2750
2751
2752
2753
2754
2755
6608
6609
6610
6611
6612
6613
6614
6615
6616
6617
17233
17234
17235
17236
17237
17238
17239
17241
17242
5040
5041
5042
5043
5044
5045
5046
5047
5048
5049
129
130
131
132
3093
3094
3095
3096
3097
3098
10589
10590
10591
10592
10593
13978
13979
13980
13981
16794
16795
16796
18432
18433
18434
18435
18436
18437
18438
18439
18440
18441
6545
6546
6547
16802
16803
16804
16805
16806
16807
16808
16809
16810
16811
4235
4236
4237
4238
4239
4240
4241
4242
4243
4244
8494
8495
8496
8497
17274
17275
17276
17277
17294
17295
17296
17297
18467
18468
18469
18470
18471
18472
18473
18474
18475
18476
8834
8835
8836
8837
8838
8839
8840
8841
8842
8843
9067
9068
9069
9070
9071
9073
133
134
135
1419
1420
1421
1422
1423
1424
1425
1426
1427
1428
3142
3143
3144
3145
3146
3147
3148
3149
3150
3151
8501
8502
8503
8504
8505
8506
8507
8508
9372
9373
9374
12800
12801
12802
12803
12804
18200
18201
18202
136
137
138
139
140
141
142
12812
12813
12814
16563
16564
16565
16566
16567
16568
16569
16570
16571
16572
16828
16829
16830
16831
16832
16833
16834
16835
16836
16837
6696
6697
6698
6699
6700
6701
6702
6703
6704
6705
8155
8156
8157
8158
8159
12905
12906
12907
12908
12909
12910
12911
12912
12913
12914
16236
16237
16238
16239
16240
16241
16242
16243
16244
16245
4350
4351
4352
4353
4354
4355
4356
4357
4358
4359
14374
14375
14376
14377
14378
14379
14380
14381
14382
14383
18209
18210
18211
18212
18213
18214
18215
18216
18217
18218
9552
9553
9554
9555
9556
9557
9558
9559
9560
9561
1598
1599
1600
1601
1602
1603
1604
1605
1606
1607
3287
3288
3289
4374
4375
4376
4377
4378
4379
4380
4381
4382
4383
7264
7265
7266
8540
8541
8542
9017
9018
9020
9021
9022
15759
15760
15761
15762
15763
15764
1643
1644
1645
1646
1647
1648
1649
1650
1651
1652
4445
4446
4447
4474
4475
4476
4477
4478
4479
4480
4481
4482
4483
334
335
336
337
338
339
340
341
342
343
6007
6008
6009
6010
6011
6013
6014
6015
6016
15796
15797
15798
15799
15800
15801
15802
15803
15804
15805
344
345
346
347
348
349
350
351
352
353
16585
16586
16587
16588
1717
1718
1719
1720
15820
15821
15822
15823
15824
15825
15826
15827
15828
15829
8118
8119
8120
8121
8122
8123
8124
8125
8126
8127
8570
8571
8572
8573
14487
14488
14489
14490
14491
14492
14493
14494
14495
14496
9201
9202
9203
9204
9205
9206
9207
9208
9209
9210
9413
9414
9415
9416
9417
9418
9419
9420
9421
9422
7328
7329
7330
7331
15889
15890
15891
15892
15893
15894
15895
15896
15897
15898
11701
11702
11703
11704
11705
11706
11707
11708
11709
11710
1840
1841
1842
1843
1844
1845
1846
1847
1848
1849
6466
6467
6468
17332
17333
17334
17335
17336
17896
17897
17898
17899
17900
17901
17902
17903
17904
17905
17337
17338
17339
17583
17584
17585
17586
17906
17907
17908
17909
17910
17911
17912
17913
17914
17915
8871
8872
8873
8874
8875
8876
13190
13191
13192
13193
13194
13195
13196
13197
13198
13199
13200
13201
13202
13203
13204
13205
6049
6050
6051
6052
6053
6054
6055
6056
6057
6058
8583
8584
8585
8586
8587
8588
8589
8590
1882
1883
1884
1885
1886
1887
1888
1889
1890
1891
4114
4115
4116
4117
17513
17514
17515
17516
17517
17518
17519
17520
17521
17522
17358
17359
17360
17361
17362
17363
17364
17365
17366
17367
1934
1935
1936
1937
1938
1939
1940
1941
1942
1943
1950
1951
1952
1953
1954
1955
1956
1957
1958
1959
1984
1985
1986
1987
1988
1989
1990
1991
1992
1993
2052
2053
2054
2055
2056
2057
2058
2059
2060
2061
11643
11644
11645
11646
11647
11648
11649
11650
11651
11652
4590
4591
4592
4593
4594
4595
4596
4597
4598
4599
5113
5114
5115
5116
5117
5118
5119
5120
5121
5122
18263
18264
18265
18266
18267
18268
18269
18270
18271
18272
6706
6707
6708
6709
5311
5312
5313
5314
5315
5316
6489
6490
6491
6492
6493
6494
6495
6496
6497
6498
14429
14430
14431
14432
14433
14434
14435
14436
14437
18280
18281
18282
18283
18284
18285
18286
18287
18288
18289
6104
6105
6106
6107
6108
6109
6110
6111
6112
6113
7440
7441
7442
7443
7444
7445
7446
7447
7448
7449
8956
8957
8958
8959
8960
8961
8962
8963
8964
8965
11349
11350
11351
14172
14173
14174
14175
14176
14177
14178
14511
14512
14513
15990
15991
15992
15993
15994
15995
15996
15997
15998
15999
17922
17923
17924
17925
17926
17927
17928
17929
17930
8976
8977
8978
8979
8980
8981
8982
8983
8984
8985
16000
16001
16002
16003
16004
16005
16006
16007
16008
16009
14388
14389
14390
14391
18296
18297
18298
18299
18302
18303
18304
18305
4695
4696
4697
4698
4699
4700
4701
4702
4703
4704
4711
4712
4713
4714
4715
4716
4717
4718
4719
4720
6502
6503
6504
6505
6506
6507
6508
6509
14216
14217
14218
14219
14220
14221
14222
14223
14224
14225
6565
6566
6567
6568
6569
6570
6571
6572
8672
8673
8674
8675
8676
8677
8678
8679
8680
8681
409
410
411
412
413
414
415
416
417
418
14395
14396
14397
14398
14399
14400
14401
14402
14403
14404
146
147
148
149
150
17423
17424
17425
17426
17427
17428
17429
17430
17431
17432
444
445
446
447
448
449
4847
4848
4849
11718
11719
11720
11721
11722
11723
11724
11725
11726
11727
14410
14411
14412
14413
14414
14415
13394
13395
13396
13397
13398
13399
13400
13401
13402
13403
2385
2386
2387
2388
2389
2390
2391
2392
2393
2394
17433
17434
17435
17436
17437
17438
17439
5320
5321
5322
5323
13501
13502
13503
6573
6574
6575
6576
6577
6578
6579
6580
6581
6769
6770
6771
15921
15922
15923
15924
15925
15926
15927
15928
15929
15930
16184
18024
18025
18026
18027
6071
6072
6073
7353
7354
7355
7356
7357
7358
7359
7360
7361
7362
9676
9677
9678
9679
9680
11227
11228
11229
14159
14160
14161
14497
14498
14499
14500
14501
14502
14503
14504
14505
14506
17916
17917
17918
17919
17920
17921
18521
18522
3632
3633
3634
3635
3636
3637
3638
3639
3640
3641
6201
6202
6203
9480
9481
9482
9483
9484
9485
9486
9487
9488
9489
7580
7581
7582
7583
7584
7585
7586
7587
7588
7589
8745
8746
8747
8748
8749
8750
8751
8752
8753
8754
16220
16221
16222
14305
14306
14307
14308
14309
14310
14311
14313
14314
